datetime;T_mu;Po_mu;P_mu;Ff_mu;Tn_mu;Tx_mu;VV_mu;Td_mu;T_var;Po_var;P_var;Ff_var;Tn_var;Tx_var;VV_var;Td_var
2006-09-20;14,487500000000002;751,3;751,6375;3,5;13,3;15,95;11,425;12,549999999999999;0,9269642857142856;1,0085714285714753;0,9798214285714614;1,1428571428571428;0,31999999999999984;4,204999999999996;155,59071428571428;1,9942857142857189
2006-09-21;14,187500000000002;758,0625;758,3625000000001;3,625;11,2;15,95;27,5;11,025;4,8012500000000005;7,965535714285631;7,679821428571173;0,26785714285714285;5,780000000000004;6,125;147,14285714285717;1,942142857142859
2006-09-22;15,3;762,1125;762,4375000000001;3,0;13,15;16,7;12,875;12,875;3,754285714285711;1,824107142857077;1,7426785714285253;0,8571428571428571;1,4449999999999987;10,580000000000002;23,553571428571434;0,1221428571428571
2006-09-23;14,025;766,4;766,7624999999999;2,5;12,0;16,65;7,2;12,5;4,896428571428572;0,4171428571429182;0,43124999999996066;0,2857142857142857;0,18000000000000085;10,124999999999996;35,97428571428571;0,9685714285714276
2006-09-24;14,274999999999999;764,7125;765,05;3,25;12,55;15,8;10,625;12,474999999999998;3,6592857142857125;1,6726785714283963;1,6800000000000885;0,7857142857142858;3,6450000000000005;3,9199999999999946;16,267857142857142;1,005
2006-09-25;12,5125;765,9625;766,2875;3,0;11,65;14,05;26,5875;8,9375;1,2812500000000018;4,731249999999761;4,829821428571354;0,5714285714285715;2,645000000000002;0,40500000000000114;472,26982142857145;16,594107142857137
2006-09-26;11,0;767,3285714285714;767,6428571428571;3,142857142857143;9,8;12,25;37,285714285714285;7,014285714285714;2,5166666666666657;2,0990476190477643;2,072857142857185;1,80952380952381;0,9799999999999992;4,204999999999996;246,57142857142856;6,884761904761902
2006-09-27;13,5875;761,2375;761,575;2,75;12,0;14,95;5,4625;12,737499999999999;2,172678571428574;3,27696428571419;3,2678571428570047;0,21428571428571433;0,5;8,405000000000003;17,556964285714287;0,6683928571428565
2006-09-28;14,000000000000002;754,65;754,9999999999999;3,0;13,2;14,8;8,65;13,0375;0,24571428571428539;3,122857142857176;3,1228571428572423;0,5714285714285714;0,0800000000000005;0,0799999999999998;39,32285714285714;0,15124999999999963
2006-09-29;12,325000000000001;754,2874999999999;754,6;2,75;11,0;13,45;26,3;10,75;0,9764285714285708;1,0898214285713965;1,0657142857142208;0,5;0,0;0,6049999999999986;359,0628571428571;2,1971428571428584
2006-09-30;12,049999999999999;756,7249999999999;757,05;1,875;10,85;13,8;5,15;11,6;1,8628571428571423;4,222142857142634;4,105714285714221;0,6964285714285714;1,125;0,9799999999999992;54,29428571428572;1,257142857142856
2006-10-01;11,150000000000002;758,7125;759,075;3,0;10,3;11,85;5,262499999999999;10,825000000000001;1,334285714285713;2,4983928571429708;2,525000000000008;0,8571428571428573;0,9799999999999992;1,4449999999999987;2,9912499999999995;1,2850000000000006
2006-10-02;12,875;754,075;754,375;2,375;11,2;14,25;5,112499999999999;12,174999999999999;1,010714285714285;0,9992857142857907;0,9564285714285737;0,5535714285714285;0,17999999999999924;1,125;24,30696428571429;0,4078571428571419
2006-10-03;12,875;748,9714285714286;749,4250000000001;2,625;11,75;13,65;6,825;12,3375;0,14500000000000032;0,6957142857142293;0,6592857142857891;0,2678571428571428;0,845000000000001;0,2449999999999995;35,982142857142854;0,04553571428571463
2006-10-04;13,724999999999998;750,2;750,4749999999999;2,625;13,25;14,15;9,0625;12,812499999999998;0,3164285714285728;0,30571428571429055;0,2821428571428751;0,2678571428571428;0,04500000000000021;1,125;28,10553571428571;0,03553571428571415
2006-10-05;13,262500000000001;751,575;751,9;3,125;12,7;14,75;17,6375;12,012500000000001;0,24267857142857174;1,3621428571429475;1,3485714285713943;0,6964285714285714;0,0;1,4449999999999987;226,96553571428572;0,0926785714285719
2006-10-06;12,312500000000002;754,975;755,3125;2,875;10,0;13,8;39,125;10,1125;1,6298214285714283;0,5049999999999154;0,47553571428570585;0,12500000000000008;0,18000000000000085;1,6199999999999966;61,83928571428571;0,34982142857142856
2006-10-07;12,024999999999999;754,9499999999999;755,2750000000001;4,0;10,8;12,649999999999999;13,125;10,875000000000002;0,3250000000000008;0,8971428571429152;0,8135714285715704;1,7142857142857142;0,9799999999999992;0,40500000000000114;47,839285714285715;0,7135714285714295
2006-10-08;13,150000000000002;750,8000000000001;751,1625;3,875;12,3;14,350000000000001;16,6;11,875;0,454285714285715;0,9514285714285654;0,991250000000015;2,124999999999999;0,7200000000000023;1,804999999999999;144,36571428571426;0,7021428571428571
2006-10-09;11,1375;756,0374999999999;756,3625000000001;4,625;9,4;12,8;36,25;9,2125;1,1769642857142866;10,565535714285968;10,5769642857148;1,1249999999999998;0,32000000000000056;0,5;203,35714285714286;0,9926785714285715
2006-10-10;7,2625;766,1875;766,5000000000001;2,625;5,8;8,850000000000001;40,625;5,3;0,5226785714285717;4,541249999999829;4,528571428571612;1,1250000000000002;0,1799999999999998;1,8050000000000024;81,69642857142857;0,49714285714285694
2006-10-11;9,7875;770,3625000000001;770,725;1,625;8,5;10,649999999999999;18,25;8,399999999999999;2,475535714285713;0,1883928571429047;0,1792857142857604;0,26785714285714285;0,9799999999999986;4,205000000000004;91,35714285714286;0,7028571428571425
2006-10-13;7,650000000000001;774,6833333333333;775,0166666666668;3,6666666666666665;4,0;9,5;25,53333333333333;5,583333333333333;8,554999999999998;0,27766666666667883;0,3176666666666762;0,6666666666666666;1,2799999999999994;11,520000000000003;408,9866666666668;1,5976666666666666
2006-10-14;10,075000000000001;769,2;769,5375;4,25;8,35;11,0;37,875;8,325;1,1821428571428558;5,911428571428661;5,956964285714494;0,5000000000000001;1,125;3,380000000000004;86,125;0,7164285714285717
2006-10-15;7,3125;769,8249999999999;770,175;4,5;5,800000000000001;9,45;48,125;4,1;1,4241071428571435;4,933571428571034;4,905000000000022;1,6666666666666667;0,01999999999999995;2,2049999999999974;13,839285714285717;4,662857142857141
2006-10-19;4,45;759,5374999999999;759,8625000000001;3,375;3,3499999999999996;5,5;44,5;0,9999999999999999;0,948571428571429;0,1998214285714203;0,1912500000000035;0,5535714285714286;1,1249999999999996;0,7199999999999992;137,7142857142857;0,7885714285714285
2006-10-20;3,8249999999999997;760,45;760,7875;5,625;2,2;5,0;22,5;1,7625;2,087857142857143;0,29428571428574724;0,2869642857142862;4,267857142857143;0,07999999999999988;1,2799999999999994;140,85714285714286;1,1112499999999998
2006-10-21;6,175;754,8874999999999;755,2249999999999;4,75;5,45;6,95;15,125;4,525;0,6821428571428572;10,261250000000055;10,062142857143042;3,357142857142857;0,0049999999999999645;1,8050000000000006;49,839285714285715;2,3564285714285718
2006-10-22;10,6625;747,9749999999999;748,2874999999999;3,0;8,95;11,65;3,15;10,1125;2,3083928571428562;0,553571428571399;0,5583928571427583;0,857142857142857;2,6450000000000005;1,125;5,1971428571428575;2,7383928571428564
2006-10-23;11,8875;747,3249999999999;747,6374999999999;4,875;10,9;12,4;8,812499999999998;10,85;0,17553571428571416;2,2192857142857023;2,2455357142857286;0,6964285714285717;0,0;0,0;36,38982142857143;0,7114285714285726
2006-10-24;12,700000000000001;743,0250000000001;743,3249999999999;4,375;12,149999999999999;13,45;5,362500000000001;11,9375;0,16285714285714264;1,1392857142856865;1,1964285714285263;0,8392857142857139;0,005000000000000053;0,40500000000000114;9,485535714285714;0,07410714285714295
2006-10-25;8,637500000000001;745,3625000000001;745,7125;5,375;7,45;12,35;29,3875;7,1;17,405535714285723;30,736964285714713;30,71553571428592;2,839285714285715;29,645000000000003;1,4449999999999987;394,9441071428572;23,659999999999997
2006-10-26;4,35;759,475;759,8;3,125;0,14999999999999997;6,55;22,25;3,075;13,665714285714284;2,302142857142818;2,2257142857143526;2,125;0,605;17,404999999999998;297,92857142857144;14,536428571428573
2006-10-27;9,8625;742,975;743,3;6,25;7,85;11,95;17,625;8,3875;2,8826785714285714;47,187857142857865;47,608571428571246;3,642857142857143;2,6449999999999987;2,205000000000001;252,83928571428572;7,3812500000000005
2006-10-28;2,9375;747,9375000000001;748,3000000000001;9,75;1,4;5,6;48,125;-1,95;1,148392857142857;26,925535714285722;26,454285714285884;1,6428571428571428;0,31999999999999995;2,4199999999999995;13,83928571428572;1,417142857142857
2006-10-29;-0,8444444444444444;757,3222222222221;757,6555555555556;4,222222222222222;-1,85;1,55;47,77777777777778;-4,266666666666667;2,0677777777777777;5,864444444444618;5,847777777777736;1,6944444444444446;0,24500000000000013;0,6050000000000001;19,444444444444454;1,0925
2006-10-30;1,1625;757,5500000000001;757,8874999999999;3,857142857142857;-1,7500000000000002;4,550000000000001;36,775;-0,5500000000000003;9,825535714285712;7,457142857143253;7,501250000000083;4,142857142857142;14,045000000000002;0,2449999999999998;354,23357142857145;8,851428571428572
2006-10-31;1,9124999999999999;747,0249999999999;747,3625;4,875;-0,9;3,35;17,4375;0,9750000000000001;5,384107142857142;67,90500000000007;68,04553571428492;8,696428571428571;0,7200000000000001;6,845000000000001;342,2398214285715;7,067857142857143
2006-11-01;-0,7125000000000001;739,4875;739,8125;5,75;-1,1500000000000001;3,6999999999999997;7,0875;-1,5;2,5783928571428567;16,064107142857143;15,855535714285276;3,642857142857143;4,205;23,119999999999997;28,732678571428572;4,217142857142858
2006-11-02;-3,3874999999999997;750,9625;751,3125;8,125;-4,25;-2,5;30,25;-6,825;0,24125000000000002;8,35982142857156;8,246964285714457;0,6964285714285714;0,0049999999999999645;0,08000000000000014;362,21428571428567;0,9135714285714279
2006-11-03;-3,5624999999999996;758,5374999999999;758,925;4,25;-6,2;-2,15;41,1;-7,287499999999999;2,6141071428571436;1,2341071428568824;1,2307142857142384;4,2142857142857135;0,0;1,4449999999999998;246,5371428571428;4,118392857142856
2006-11-04;-5,075;761,0;761,3625;2,625;-7,5;-2,1;38,125;-8,5;3,819285714285713;0,7428571428571062;0,6941071428570703;0,2678571428571427;0,0;0,3200000000000001;92,41071428571429;2,3
2006-11-05;-6,0874999999999995;757,5;757,8625000000001;2,375;-8,15;-4,05;27,75;-8,6375;3,4498214285714286;0,29714285714286837;0,30553571428573084;0,8392857142857142;0,125;7,604999999999999;52,21428571428573;0,3683928571428569
2006-11-06;0,5625;747,8750000000001;748,2375;4,875;-4,45;1,1;13,425;-0,8875000000000002;0,4369642857142857;23,385000000000126;23,654107142856837;2,982142857142857;32,805;0,18;304,6992857142856;4,461250000000001
2006-11-07;3,9374999999999996;745,4749999999999;745,7625;5,0;1,25;4,45;29,75;1,5625;3,931250000000001;2,616428571428515;2,68839285714272;3,4285714285714275;0,8449999999999998;11,045000000000002;184,78571428571428;3,51125
2006-11-08;3,2874999999999996;750,9000000000001;751,2375000000001;4,625;2,05;5,75;45,625;-0,9875;1,3841071428571428;3,8085714285713017;3,76267857142869;1,9821428571428574;0,12499999999999983;0,0049999999999999645;17,410714285714274;0,16696428571428573
2006-11-09;-1,125;751,1125000000001;751,475;2,625;-2,3;1,8;14,375;-1,7375000000000003;1,3964285714285716;3,1098214285714727;2,9135714285715943;2,267857142857143;0,7200000000000001;1,6200000000000003;13,696428571428571;1,545535714285714
2006-11-10;-1,1124999999999998;760,0500000000001;760,3875;4,75;-2,35;0,10000000000000003;38,5;-2,9625;1,3212500000000003;8,077142857142691;8,31553571428554;1,642857142857144;0,605;1,28;75,14285714285711;0,37982142857142875
2006-11-11;-0,5874999999999998;756,9875000000001;757,3125;5,0;-6,65;0,75;27,625;-2,4124999999999996;16,561249999999998;28,626964285715083;28,886964285715116;7,142857142857143;0,005000000000000098;11,045000000000002;250,55357142857142;9,701249999999998
2006-11-12;1,0875;745,0124999999999;745,3375;4,75;0,9;2,1;8,774999999999999;0,012500000000000004;0,07839285714285715;1,1755357142857237;1,2055357142856642;3,9285714285714293;0,0;0,7200000000000002;76,74500000000002;0,04125000000000001
2006-11-13;-0,975;748,0875;748,4125;3,625;-1,8;0,39999999999999997;13,75;-2,175;0,2364285714285714;0,24696428571428664;0,2726785714285528;1,125;0,0;1,9999999999999998;68,5;0,3078571428571432
2006-11-14;1,9749999999999996;748,5;748,85;4,125;0,55;3,1999999999999997;21,375;0,55;2,0107142857142852;0,4771428571428696;0,49714285714287415;4,696428571428571;2,6449999999999996;1,6199999999999997;132,83928571428572;1,1057142857142856
2006-11-15;4,3999999999999995;747,8625;748,2;4,625;2,9;5,9;27,375;2,625;0,6628571428571428;2,0569642857142316;2,1457142857142677;2,5535714285714284;1,6199999999999997;0,01999999999999995;379,4107142857142;1,8192857142857146
2006-11-16;2,35;757,3375000000001;757,65;3,125;1,85;3,3;50,0;0,1875;0,39999999999999997;13,379821428571201;13,191428571428693;0,982142857142857;1,125;0,7199999999999994;0,0;0,4869642857142858
2006-11-17;4,2124999999999995;761,475;761,8125;4,75;3,05;4,75;24,8375;2,5;0,6383928571428573;0,08785714285715196;0,07267857142856173;0,5;1,8050000000000002;1,125;275,2683928571429;1,5485714285714285
2006-11-18;6,512499999999999;761,925;762,275;3,875;5,449999999999999;6,949999999999999;1,1875000000000002;6,3;0,4926785714285717;1,3307142857142273;1,2907142857143046;1,2678571428571428;2,6450000000000005;0,24500000000000044;0,09267857142857143;0,5371428571428579
2006-11-19;6,4125000000000005;761,4625000000001;761,7875000000001;3,125;5,5;7,25;9,2625;5,8375;0,8526785714285714;1,2655357142856676;1,2412500000000233;0,6964285714285715;2,0;0,125;61,514107142857135;1,6598214285714288
2006-11-20;5,0125;759,5749999999999;759,9124999999999;2,625;4,35;5,85;14,5;4,15;0,18124999999999988;5,482142857142686;5,57267857142888;1,125;0,005000000000000009;0,40499999999999914;11,428571428571429;0,09714285714285713
2006-11-21;5,262499999999999;755,4875000000001;755,8375;2,875;3,6;6,05;20,575;3,65;0,594107142857143;0,7326785714285534;0,7198214285714041;2,1249999999999996;0,020000000000000035;0,0049999999999999645;228,8164285714286;2,214285714285713
2006-11-22;6,575000000000001;753,2875;753,5875000000001;4,625;5,6;7,199999999999999;5,75;5,5125;0,3421428571428572;0,2698214285713898;0,27553571428574847;0,5535714285714285;1,2800000000000016;0,32000000000000023;3,062857142857143;0,42124999999999996
2006-11-23;4,950000000000001;753,1125000000001;753,45;5,0;4,35;5,9;9,5;3,7125;0,19428571428571434;0,24124999999997618;0,23142857142849613;0,28571428571428575;0,04499999999999981;0,9799999999999999;21,428571428571427;0,4641071428571429
2006-11-24;6,5375000000000005;752,5749999999999;752,9124999999999;4,25;5,65;6,699999999999999;7,725;5,8500000000000005;0,1341071428571428;0,43928571428573465;0,4812500000000114;0,4999999999999999;0,40499999999999914;0,32000000000000023;16,105;0,26571428571428557
2006-11-25;7,375;758,9625000000001;759,2625;3,25;6,699999999999999;7,9;8,75;6,375;0,03357142857142862;3,219821428571272;3,359821428571356;0,5;0,020000000000000125;0,07999999999999961;2,7857142857142856;0,03642857142857148
2006-11-26;7,699999999999999;757,5500000000001;757,9124999999999;5,125;6,9;8,15;8,2625;6,6000000000000005;0,22571428571428573;1,120000000000105;1,1669642857142501;1,2678571428571423;0,01999999999999995;0,40499999999999914;27,236964285714286;0,1600000000000001
2006-11-27;6,6375;760,625;760,9749999999999;4,5;5,75;8,2;18,875;5,074999999999999;2,474107142857143;4,105000000000001;4,065000000000148;0,8571428571428568;1,8050000000000006;0,020000000000000035;47,553571428571445;1,696428571428571
2006-11-28;6,05;764,625;764,9749999999999;3,75;4,75;6,550000000000001;10,5375;5,35;0,7257142857142863;0,39071428571426864;0,4421428571428348;0,21428571428571422;3,6449999999999987;0,2449999999999998;28,596964285714282;0,7771428571428569
2006-11-29;6,1125;764,7624999999999;765,1;2,75;5,449999999999999;6,55;7,875;5,7;0,20982142857142855;1,7826785714287097;1,7428571428572341;0,7857142857142859;0,04500000000000008;0,125;71,78214285714286;0,34857142857142887
2006-11-30;6,7124999999999995;762,2625;762,625;5,25;6,35;7,6;20,0;5,049999999999999;0,7612500000000002;0,7083928571428457;0,710714285714291;1,9285714285714286;0,005000000000000009;0,18000000000000058;110,85714285714286;1,4742857142857144
2006-12-01;6,5125;761,075;761,4250000000001;4,0;5,449999999999999;7,199999999999999;14,25;4,937499999999999;1,535535714285714;5,1164285714288535;5,213571428571366;1,7142857142857142;2,6450000000000005;0,32000000000000023;54,5;1,605535714285715
2006-12-02;6,6000000000000005;756,0125;756,3124999999999;4,625;5,9;7,449999999999999;9,4375;5,2125;0,5371428571428568;2,9498214285715236;2,7498214285714266;0,5535714285714283;2,4200000000000013;0,2449999999999998;23,37125;0,455535714285714
2006-12-03;6,3;750,475;750,8125;4,375;5,9;7,1;20,5;4,7625;0,2742857142857142;1,3592857142856765;1,4069642857142486;1,1249999999999998;0,32000000000000023;0,020000000000000125;115,71428571428571;1,7741071428571418
2006-12-04;6,3;746,5;746,8375000000001;4,0;5,6;6,6;8,725;5,325;0,07428571428571436;10,128571428571531;10,15696428571445;0,5714285714285714;0,020000000000000125;0,020000000000000125;32,676428571428566;0,12500000000000014
2006-12-05;6,6875;742,9499999999999;743,3125;4,625;6,35;7,1;14,6625;5,3875;0,06982142857142844;2,8571428571428372;2,8383928571428174;0,26785714285714296;0,005000000000000098;0,020000000000000125;70,79696428571427;0,13839285714285685
2006-12-06;8,237499999999999;740,7;741,0375;5,625;6,95;9,350000000000001;12,375;6,9375;0,10839285714285736;2,2685714285712706;2,222678571428353;0,5535714285714283;1,8050000000000006;0,005000000000000053;16,55357142857143;0,2569642857142861
2006-12-07;7,262499999999999;746,7625000000002;747,1125;5,25;6,6;8,05;21,375;4,2875000000000005;0,33125000000000027;8,37696428571438;8,258392857142507;1,6428571428571426;0,7199999999999996;0,24500000000000044;43,410714285714285;2,144107142857142
2006-12-08;6,9875;749,4571428571429;749,8375;5,25;6,0;7,45;11,5;5,1625;0,4155357142857147;2,639523809523808;2,3198214285713576;2,214285714285714;0,019999999999999858;0,6049999999999996;7,142857142857145;0,35125
2006-12-09;7,500000000000001;751,6625;751,9625;4,5;6,8;7,85;8,0;5,7875000000000005;0,2942857142857137;1,6141071428569762;1,6398214285713628;0,28571428571428564;0,08000000000000014;0,125;4,857142857142857;0,18410714285714283
2006-12-10;6,812499999999999;758,4375;758,8125;4,125;6,300000000000001;7,8500000000000005;24,0;5,1125;0,506964285714285;2,3969642857142994;2,361250000000085;0,6964285714285714;0,7200000000000008;0,4050000000000003;111,14285714285714;1,3326785714285723
2006-12-11;6,299999999999999;756,3499999999999;756,6624999999999;5,625;5,7;6,75;19,875;3,7125000000000004;0,2971428571428571;9,591428571428342;9,468392857142513;1,6964285714285714;0,1799999999999998;0,2449999999999995;42,124999999999986;0,48410714285714246
2006-12-12;6,424999999999999;752,9499999999999;753,3125;4,875;5,65;7,25;12,625;4,85;0,4049999999999999;2,7742857142857384;2,6783928571429216;1,2678571428571435;0,8449999999999992;0,0049999999999999645;34,839285714285715;0,22857142857142873
2006-12-13;6,0875;751,4125;751,75;4,75;5,3;6,35;13,5;4,575;0,08410714285714253;2,6698214285712933;2,68285714285737;0,5;0,1799999999999998;0,005000000000000098;8,857142857142858;0,23071428571428548
2006-12-14;6,2625;749,025;749,3125;4,625;4,6;7,1;23,025;5,1;2,3255357142857145;11,330714285714723;11,684107142857288;1,4107142857142858;0,32000000000000023;0,32000000000000023;412,08500000000004;2,954285714285714
2006-12-15;6,8625;746,825;747,1375;6,875;5,75;8,8;32,75;3,525;1,862678571428573;3,9907142857143256;4,094107142857126;0,41071428571428564;0,4050000000000003;2,0000000000000027;10,500000000000004;2,650714285714286
2006-12-16;3,8125000000000004;749,4375000000001;749,7625;4,5;3,4000000000000004;5,15;24,75;1,3875;0,8641071428571426;0,4712500000000156;0,42839285714287223;1,7142857142857146;1,2800000000000005;0,6050000000000011;28,214285714285722;0,14696428571428571
2006-12-17;0,9750000000000001;753,3;753,6625000000001;4,5;-0,25;2,45;41,25;-1,1;0,5107142857142858;6,865714285714323;6,825535714285655;0,5714285714285713;0,125;0,8450000000000002;119,64285714285714;1,34
2006-12-18;-0,4;758,2500000000001;758,6250000000001;4,875;-0,7;0,9500000000000001;44,625;-3,5250000000000004;0,26571428571428574;5,491428571428735;5,356428571428746;0,6964285714285714;0,5;1,445;176,8392857142857;2,3449999999999998
2006-12-19;-3,4374999999999996;762,6999999999999;763,0500000000001;3,0;-5,4;-1,95;41,625;-4,8625;5,376964285714286;3,051428571428704;3,0999999999999273;1,1428571428571428;1,2800000000000002;4,805;196,83928571428564;7,168392857142858
2006-12-20;1,5;762,3;762,657142857143;3,0;-1,6;2,5;18,17142857142857;0,7714285714285714;0,28;20,240000000000553;20,21619047619024;2,666666666666666;11,520000000000001;0,0;233,80571428571432;0,2823809523809524
2006-12-21;2,966666666666667;767,75;768,0833333333334;4,0;1,45;3,75;46,666666666666664;1,9833333333333334;0,7826666666666663;0,2949999999999692;0,3256666666665529;0,8000000000000002;0,6049999999999999;0,6049999999999996;16,666666666666664;0,35366666666666646
2006-12-22;3,2375;763,65;764,0;6,25;1,7000000000000002;4,199999999999999;48,125;0,5125;1,554107142857143;3,0742857142858293;3,128571428571409;3,6428571428571423;0,01999999999999997;0,3199999999999995;13,839285714285719;1,9212500000000001
2006-12-23;4,15;764,375;764,6999999999999;6,5;3,1500000000000004;4,949999999999999;37,375;-0,7249999999999999;0,48857142857142855;5,224999999999976;5,202857142857174;3,999999999999999;0,6050000000000003;0,8449999999999992;95,125;1,5364285714285713
2006-12-24;4,0625;761,8249999999999;762,2000000000002;7,875;2,15;6,75;42,75;-0,3;9,211250000000001;22,007857142857365;22,154285714286004;4,410714285714286;4,805000000000001;1,125;104,78571428571432;6,1000000000000005
2006-12-25;-3,025;773,8;774,1999999999999;3,875;-3,5;-1,0;46,25;-6,475;0,6478571428571429;1,5514285714285019;1,5514285714285019;1,2678571428571435;0,1799999999999998;5,120000000000001;12,500000000000004;0,599285714285714
2006-12-26;1,7125000000000001;763,7;764,0625;4,625;-1,6;3,65;33,125;0,025000000000000026;2,675535714285714;21,68857142857156;21,42553571428525;1,6964285714285718;13,520000000000001;0,8449999999999998;178,125;6,759285714285713
2006-12-27;3,725;754,6625;755,0375;6,0;2,3;4,4;46,875;0,19999999999999998;0,4078571428571428;3,5769642857143187;3,6198214285712846;0,5714285714285714;3,380000000000001;0,07999999999999961;13,839285714285714;0,09428571428571428
2006-12-28;1,1249999999999998;752,7125;753,0875000000001;6,125;0,6000000000000001;4,9;50,0;-3,05;9,09642857142857;8,38124999999983;8,521249999999991;1,5535714285714286;13,520000000000001;0,07999999999999961;0,0;12,277142857142858
2006-12-29;-2,725;761,5;761,8625;3,75;-3,6;-1,6;47,5;-4,95;0,41071428571428575;2,4657142857141503;2,402678571428531;0,49999999999999994;0,020000000000000035;0,18;28,571428571428566;0,9600000000000001
2006-12-30;2,2375;761,0000000000001;761,3625;3,25;-0,8;4,15;27,75;0,7000000000000001;5,545535714285715;6,225714285714038;6,248392857142924;1,6428571428571428;9,68;0,2449999999999998;180,5;4,765714285714286
2006-12-31;4,15;748,3874999999999;748,7375;4,625;2,6;5,8;5,75;3,3625;1,231428571428571;7,352678571428446;7,251250000000148;1,6964285714285712;0,5;0,0;12,2;0,7798214285714282
2007-01-01;3,3875;741,6125000000001;741,9499999999999;4,5;1,15;4,0;13,0625;2,5250000000000004;1,795535714285714;25,73553571428568;25,73714285714263;2,5714285714285716;0,0049999999999999975;0,7199999999999994;153,04839285714283;1,0535714285714282
2007-01-02;3,0749999999999993;736,8000000000001;737,1749999999998;4,625;2,6500000000000004;4,2;29,25;2,2750000000000004;0,7707142857142857;20,58571428571374;20,819285714285133;3,410714285714286;0,005000000000000031;0,9800000000000005;319,07142857142856;1,5707142857142864
2007-01-03;2,0124999999999997;748,6125;748,9625;5,375;1,4;2,95;44,625;-0,6625;0,5583928571428569;8,93267857142901;9,019821428571571;1,1249999999999998;0,0800000000000001;0,04500000000000001;89,69642857142857;2,128392857142857
2007-01-04;3,3625000000000003;746,225;746,6;4,625;1,1;4,1;23,65;2,025;3,3541071428571425;15,43357142857141;15,642857142857483;1,125;5,120000000000001;1,9999999999999996;480,2942857142857;7,079285714285715
2007-01-05;4,1625;743,1750000000001;743,55;4,5;3,4;5,75;22,5;3,1750000000000003;3,831249999999998;4,824999999999982;4,760000000000015;0,8571428571428574;5,779999999999999;0,0049999999999999645;414,2857142857143;7,113571428571428
2007-01-06;0,9000000000000002;750,5285714285716;750,8;2,125;0,0;2,8;36,25;-0,48750000000000004;2,3514285714285714;1,999047619047839;1,6685714285713782;1,2678571428571428;0,08000000000000002;2,4200000000000004;286,5;1,58125
2007-01-07;2,1375;753,2875;753,625;2,375;-0,65;2,35;16,5;1,225;4,656964285714286;0,024107142857129654;0,0335714285714283;0,8392857142857142;1,445;7,604999999999999;153,14285714285714;4,219285714285713
2007-01-08;5,05;749,7375000000001;750,0875;4,125;4,199999999999999;5,15;10,0625;4,3875;0,24;3,754107142857083;3,686964285713979;0,6964285714285714;0,020000000000000125;0,6050000000000001;25,31696428571429;0,5098214285714285
2007-01-09;5,4625;744,1;744,4375;5,375;4,9;5,9;12,75;4,1;0,3198214285714286;10,571428571428317;10,736964285714246;1,6964285714285718;0,01999999999999995;0,0;58,21428571428571;0,5485714285714287
2007-01-10;6,4;742,2;742,5125;6,25;4,2;8,2;34,125;1,7;3,1085714285714294;26,182857142857078;26,69267857142779;12,500000000000004;0,9800000000000005;0,020000000000000035;323,5535714285714;8,371428571428572
2007-01-11;0,3375;740,6374999999999;740,9750000000001;4,0;-0,45;2,4;24,8375;-0,5375000000000001;3,1598214285714294;4,494107142856974;4,3107142857142;3,7142857142857144;2,2049999999999996;6,480000000000001;591,5055357142857;4,959821428571429
2007-01-12;-2,825;744,0124999999999;744,35;2,75;-4,45;-1,4;32,875;-4,4750000000000005;1,2935714285714284;7,629821428571378;7,302857142857056;0,7857142857142861;3,6449999999999987;0,18;214,125;0,7764285714285714
2007-01-13;0,5;741,625;741,9875000000001;4,125;-2,25;1,1;15,9625;-0,33749999999999997;0,09142857142857143;19,62500000000004;19,509821428571474;1,2678571428571428;11,044999999999998;0,01999999999999997;128,38267857142856;0,33410714285714277
2007-01-14;2,1;741,725;742,0875;4,625;0,04999999999999999;3,55;24,875;0,8625;2,3885714285714283;48,04785714285697;47,844107142856444;3,4107142857142856;0,605;3,125;273,2678571428572;2,9626785714285715
2007-01-15;0,875;748,4125;748,725;5,375;-0,8;3,5;29,5;-0,6374999999999998;2,393571428571429;24,512678571428662;24,064999999999962;3,982142857142858;1,2800000000000002;0,5;363,42857142857144;4,645535714285715
2007-01-16;4,3500000000000005;746,675;747,0124999999999;4,625;2,2;6,0;23,75;1,9;2,0428571428571427;4,27928571428568;4,438392857142746;1,6964285714285712;0,5000000000000001;0,7199999999999992;337,6428571428572;5,728571428571429
2007-01-17;1,9250000000000003;749,3999999999999;749,7375000000001;5,25;1,1;3,05;40,0;-2,6625;0,5364285714285716;2,65142857142851;2,6769642857141207;3,0714285714285716;0,7200000000000001;0,6049999999999999;57,142857142857146;3,571249999999999
2007-01-18;3,2375;733,0625;733,3625;5,75;1,1;5,2;15,9625;1,725;2,0055357142857155;32,3483928571434;32,43982142857147;1,6428571428571428;0,9799999999999999;0,0;138,74839285714285;2,7307142857142854
2007-01-19;-0,5;731,3000000000001;731,65;4,625;-1,2;1,5;28,75;-2,875;2,537142857142857;15,111428571427956;15,21428571428582;1,696428571428571;1,2799999999999998;7,22;297,35714285714283;5,199285714285715
2007-01-20;-3,9749999999999996;747,5125;747,8625;4,625;-4,55;-1,9000000000000001;40,5;-7,425000000000001;3,479285714285715;9,35839285714309;9,47982142857144;5,696428571428569;6,125;1,2800000000000002;70,57142857142857;2,1107142857142867
2007-01-21;-3,999999999999999;741,2874999999999;741,65;5,125;-5,9;-2,35;23,5375;-6,3125;1,2485714285714287;4,50124999999992;4,508571428571499;0,41071428571428564;1,6200000000000006;1,125;495,2283928571428;2,2012499999999995
2007-01-22;-9,462499999999999;753,8000000000001;754,15;3,25;-10,899999999999999;-5,85;34,125;-12,225;2,4741071428571426;16,12571428571419;16,03142857142847;0,7857142857142855;0,0800000000000005;3,645000000000002;58,98214285714284;2,007857142857144
2007-01-23;-9,075;759,45;759,8125;2,125;-14,7;-6,449999999999999;14,475;-10,750000000000002;19,83357142857142;0,37999999999993267;0,39267857142855583;1,8392857142857142;0,020000000000000035;28,12499999999999;257,63357142857143;18,31714285714285
2007-01-24;-2,7624999999999997;759,7500000000001;760,1125;3,125;-3,65;-0,8;25,2375;-4,7875;2,125535714285714;4,342857142857077;4,42696428571402;0,6964285714285714;0,04499999999999995;0,020000000000000025;436,2798214285714;8,766964285714284
2007-01-25;-8,7125;762,65;762,9875000000001;2,75;-12,05;-4,6;23,5;-10,600000000000001;10,678392857142853;5,534285714285622;5,589821428571341;2,785714285714285;0,125;2,8800000000000003;152,0;4,331428571428568
2007-01-26;-0,33749999999999997;746,6624999999999;747,0;5,5;-5,7;0,1;9,624999999999998;-1,8499999999999999;0,22267857142857136;23,554107142856974;23,565714285714257;2,5714285714285716;48,019999999999996;0,32;108,79357142857141;2,06
2007-01-27;-5,9625;742,3375;742,7249999999999;6,5;-6,6;-2,5;21,825;-7,35;6,728392857142857;3,342678571428633;3,3449999999999744;2,285714285714286;3,920000000000001;14,580000000000002;180,18785714285715;11,405714285714286
2007-01-28;-9,75;747,0;747,375;5,75;-10,8;-7,3;35,375;-12,500000000000002;4,485714285714285;1,1171428571428348;1,1792857142856228;3,9285714285714284;2,8799999999999986;0,5;345,9821428571428;3,182857142857141
2007-01-29;-10,249999999999998;748,1428571428571;748,7250000000001;5,125;-16,85;-7,95;46,875;-12,4;26,70571428571429;1,6261904761904658;1,7564285714286147;1,5535714285714288;0,4050000000000035;29,645000000000007;13,839285714285719;23,525714285714283
2007-01-30;-9,962499999999999;753,0999999999999;753,4375;3,875;-11,7;-5,8;38,5;-11,950000000000001;3,4255357142857163;12,148571428571687;12,168392857142608;0,9821428571428571;0,18000000000000033;2,0;97,7142857142857;1,4514285714285713
2007-01-31;-4,375;750,6874999999999;751,0500000000001;4,0;-7,85;-2,05;15,45;-5,9;16,31928571428571;7,212678571428632;7,234285714286075;2,8571428571428568;55,125;0,6049999999999999;255,02285714285713;15,06857142857143
2007-02-01;-5,112500000000001;758,3125;758,6750000000001;2,625;-8,9;-2,65;19,0;-7,0;5,712678571428573;10,404107142857113;10,453571428571411;1,125;0,0;1,445;93,71428571428575;6,585714285714284
2007-02-02;0,275;756,2375;756,6;3,125;-2,65;0,34999999999999987;8,6375;-0,3624999999999999;3,439285714285714;29,44267857142872;29,719999999999498;0,9821428571428573;1,4449999999999998;7,6049999999999995;71,91410714285716;3,7483928571428566
2007-02-03;0,7875;751,725;752,0999999999999;5,75;-0,19999999999999998;2,1;35,875;-0,7749999999999999;0,33267857142857143;15,767857142857455;15,831428571429111;1,642857142857143;0,49999999999999994;0,18;211,83928571428572;0,7135714285714286
2007-02-04;-0,17499999999999996;756,8000000000001;757,1125;3,125;-1,85;1,2999999999999998;31,5;-1,6624999999999999;1,1364285714285713;6,877142857143174;6,746964285714084;2,1249999999999996;0,04499999999999998;0,01999999999999997;222,28571428571425;1,2055357142857144
2007-02-05;-6,512500000000001;750,7625;751,0999999999999;3,375;-7,75;-1,2;17,75;-8,0125;12,475535714285716;0,3569642857142714;0,29999999999993804;1,4107142857142858;10,125;10,58;77,64285714285714;20,466964285714287
2007-02-06;-17,3875;753,8749999999999;754,2625;4,25;-17,75;-13,2;23,25;-21,150000000000002;2,7212500000000013;3,162142857142593;3,131249999999804;0,5;2,6449999999999934;20,47999999999999;66,21428571428574;5,371428571428576
2007-02-07;-17,8125;759,1375;759,5124999999999;2,5;-21,4;-15,649999999999999;32,125;-22,587499999999995;10,226964285714292;2,536964285714166;2,5041071428572272;0,2857142857142857;0,17999999999999766;18,604999999999993;97,26785714285715;8,40982142857143
2007-02-08;-13,3625;762,575;762,95;2,125;-17,799999999999997;-12,5;13,3;-15,612499999999999;15,371250000000007;0,4249999999999718;0,41714285714283533;0,9821428571428571;3,919999999999997;27,37999999999999;216,01142857142858;14,504107142857142
2007-02-09;-13,325;763,8000000000001;764,1875000000001;3,625;-14,05;-10,85;11,5;-16,25;1,8192857142857157;0,09142857142858972;0,08982142857140686;1,125;1,804999999999999;2,645000000000002;63,714285714285715;4,062857142857143
2007-02-10;-15,462499999999999;763,4625;763,8374999999999;1,375;-21,049999999999997;-11,85;19,125;-17,987500000000004;12,445535714285711;0,07124999999998623;0,09696428571428227;0,2678571428571429;0,04500000000000075;19,845000000000006;32,982142857142854;7,2498214285714235
2007-02-11;-6,2125;762,6375;763,0;2,375;-11,65;-2,95;21,625;-8,2625;29,464107142857156;0,2483928571428769;0,2685714285713826;0,8392857142857144;75,64500000000001;1,125;120,83928571428571;26,282678571428562
2007-02-12;-4,925000000000001;761,5125000000002;761,85;3,125;-5,949999999999999;-3,3499999999999996;35,625;-7,6875;2,5535714285714293;2,1669642857143927;2,2057142857141714;0,6964285714285717;0,8450000000000003;4,205;130,55357142857144;4,301249999999999
2007-02-13;-6,875000000000001;757,125;757,475;4,0;-7,8999999999999995;-5,3;22,625;-9,1125;1,513571428571429;0,2878571428571677;0,330714285714278;0,8571428571428573;1,2799999999999994;0,1799999999999998;70,55357142857143;1,1612500000000001
2007-02-14;-7,45;760,4625000000001;760,7875;2,5;-8,7;-6,9;8,625;-9,0875;0,9142857142857145;3,0512500000001066;2,966964285714208;0,2857142857142857;0,0;2,88;7,696428571428572;0,42125000000000073
2007-02-15;-4,9625;767,7249999999999;768,0749999999999;2,625;-6,3;-4,5;10,0375;-7,000000000000001;0,93125;8,507857142857278;8,605000000000102;0,26785714285714285;1,2799999999999994;2,0;18,554107142857145;0,9514285714285716
2007-02-16;-2,8;774,5875000000001;774,95;2,5;-3,95;-2,55;6,699999999999999;-4,75;0,7428571428571431;1,3469642857144493;1,3857142857143567;0,2857142857142857;1,4449999999999998;0,125;3,6228571428571428;1,297142857142857
2007-02-17;0,675;770,2624999999999;770,625;5,0;-1,35;1,2;18,125;-1,8625000000000003;0,5078571428571429;12,77696428571451;12,727857142857234;3,4285714285714297;2,645;1,2799999999999998;157,55357142857142;2,6826785714285717
2007-02-18;0,4874999999999998;755,15;755,4625;4,75;0,44999999999999996;1,75;25,875;-2,6375;4,318392857142857;11,028571428571189;10,91982142857099;1,642857142857143;0,12499999999999999;0,125;159,55357142857142;5,699821428571427
2007-02-19;-10,424999999999999;758,3125000000001;758,6750000000001;3,875;-13,7;-3,65;32,25;-14,899999999999999;3,202142857142857;4,095535714285882;4,019285714285474;2,4107142857142847;0,0800000000000005;37,845;40,50000000000001;2,9742857142857146
2007-02-20;-15,087499999999999;762,4875000000001;762,8625;4,625;-16,6;-11,55;32,75;-19,099999999999998;3,821250000000003;5,144107142856868;5,116964285714305;0,5535714285714286;0,08000000000000014;4,204999999999998;51,92857142857143;3,9685714285714258
2007-02-22;-15,1;775,3999999999999;775,7750000000001;3,125;-18,3;-12,600000000000001;41,625;-19,6375;6,548571428571427;0,3571428571429059;0,34785714285710306;0,4107142857142856;0,0;2,880000000000003;56,839285714285715;1,0541071428571405
2007-02-23;-14,075;777,6625;778,025;2,0;-19,2;-11,9;26,0875;-16,9375;13,225000000000005;0,23125000000003101;0,2078571428571292;0,2857142857142857;0,07999999999999943;5,119999999999997;266,5183928571429;10,565535714285707
2007-02-24;-9,462499999999999;774,3749999999999;774,7625;3,5;-11,149999999999999;-8,9;42,875;-13,462499999999999;1,3941071428571448;3,8878571428572672;3,9483928571426903;0,5714285714285713;0,4049999999999995;3,920000000000002;148,98214285714286;1,0998214285714287
2007-02-25;-7,5875;766,8;767,175;4,875;-9,7;-6,7;42,5;-12,0;2,5412500000000042;5,014285714285598;5,076428571428496;0,4107142857142859;0,0799999999999998;3,379999999999999;57,14285714285716;0,5028571428571426
2007-02-26;-6,9;760,1999999999999;760,575;3,125;-7,6;-5,55;27,25;-10,924999999999999;0,6399999999999999;3,7400000000000055;3,76785714285736;2,1250000000000004;0,07999999999999996;0,0049999999999999645;129,64285714285717;0,6678571428571418
2007-02-27;-5,199999999999999;753,342857142857;753,2750000000001;3,625;-7,5;-4,7;6,8625;-6,4125;3,540000000000002;3,866190476190326;4,722142857142981;1,4107142857142854;2,0;4,5;17,36267857142857;4,3298214285714325
2007-02-28;-2,0999999999999996;747,4999999999999;747,8875000000002;3,125;-3,45;-1,9;6,25;-3,1625;1,1857142857142855;0,5914285714285564;0,5955357142857528;0,4107142857142856;0,6050000000000003;1,6199999999999997;5,879999999999998;0,8655357142857143
2007-03-01;0,15000000000000002;744,2333333333335;744,5999999999999;4,333333333333333;-1,6;0,55;5,083333333333333;-0,6166666666666666;0,599;0,19466666666672774;0,2199999999999518;2,6666666666666665;0,01999999999999997;0,40499999999999997;14,26166666666667;1,2256666666666667
2007-03-02;0,8124999999999999;745,5624999999999;745,9;2,875;0,45;1,3;1,9499999999999997;0,6124999999999999;0,14125000000000001;1,7283928571427196;1,7114285714286157;1,2678571428571428;0,0049999999999999975;0,3199999999999999;0,8171428571428573;0,14125000000000001
2007-03-04;0,8625;759,8875;760,2125000000001;4,25;0,1;2,15;23,137500000000003;-0,4625;0,5855357142857144;4,178392857142838;4,2526785714283255;0,4999999999999999;0,0;0,24500000000000005;178,96839285714285;0,3626785714285714
2007-03-05;0,0;763,7625;764,0625;3,125;-1,1;2,0999999999999996;30,875;-2,975;4,765714285714286;0,8655357142857226;0,8483928571429041;1,5535714285714288;0,17999999999999985;7,999999999999999;169,83928571428572;1,1821428571428567
2007-03-06;-1,4125000000000003;763,55;763,9125;2,75;-4,3;-0,1499999999999999;13,8125;-2,425;5,746964285714284;2,328571428571329;2,312678571428475;1,0714285714285714;4,5;3,125;158,04125;5,510714285714287
2007-03-07;1,5625;761,45;761,8375;3,375;0,5;2,35;10,625;0,41250000000000003;0,8712499999999999;0,2971428571428404;0,3141071428571764;0,8392857142857144;0,01999999999999999;3,6450000000000005;93,54499999999999;0,1298214285714286
2007-03-08;2,225;759,3375;759,6875;2,375;1,2;3,1;6,9125;1,0375;0,7164285714285715;0,3255357142857947;0,3155357142857504;0,5535714285714286;0,18000000000000002;2,4200000000000004;6,10696428571429;0,06839285714285716
2007-03-09;1,3499999999999999;759,8249999999999;760,1875;3,125;0,7;3,55;11,425;0,85;0,7228571428571428;1,750714285714407;1,769821428571443;0,41071428571428575;0,020000000000000025;0,4049999999999997;119,1707142857143;0,45142857142857146
2007-03-10;1,4625;761,625;761,975;3,625;0,6;1,7000000000000002;7,825;0,775;0,21125000000000008;1,4650000000000805;1,4249999999998784;0,8392857142857142;0,18;0,31999999999999995;30,970714285714283;0,18500000000000005
2007-03-11;3,4250000000000007;758,4375;758,8;4,125;1,3;4,85;27,75;0,44999999999999996;7,147857142857142;6,714107142856988;6,657142857142899;1,5535714285714286;1,62;13,005000000000004;247,07142857142858;0,6599999999999999
2007-03-12;1,1375;764,0374999999999;764,3874999999999;2,7142857142857144;-0,8500000000000001;3,05;8,125;0,6499999999999999;1,5026785714285715;0,1969642857143033;0,2269642857142675;1,2380952380952381;0,4050000000000001;0,6049999999999999;97,06785714285716;2,2342857142857144
2007-03-13;3,5999999999999996;761,7625;762,1250000000001;3,375;1,4;5,9;12,6625;1,7500000000000002;6,0857142857142845;0,5512500000000032;0,5535714285714235;1,1249999999999998;0,0;8,819999999999999;82,79696428571428;1,1542857142857141
2007-03-14;3,8625;758,7375;759,0875;4,25;0,8500000000000001;5,25;27,9625;0,30000000000000004;10,525535714285713;1,165535714285712;1,1241071428571543;1,0714285714285714;0,12500000000000003;29,644999999999996;306,0683928571428;0,5028571428571429
2007-03-15;2,7;759,25;759,6;2,875;1,0;5,95;34,5;-0,4125000000000001;1,2314285714285715;1,3228571428572065;1,3514285714284793;0,6964285714285713;0,5;0,4050000000000003;183,71428571428578;0,9555357142857142
2007-03-16;3,7875;752,0749999999999;752,4250000000001;3,375;1,9;6,35;16,4375;0,6625000000000001;6,701249999999999;2,9964285714285337;2,930714285714363;0,2678571428571428;0,9800000000000003;18,605000000000008;166,8169642857143;2,654107142857143
2007-03-17;1,0750000000000002;739,1500000000001;739,5124999999999;3,875;0,65;3,0999999999999996;10,075;0,3375;0,09071428571428572;23,342857142857532;23,552678571428057;0,9821428571428573;0,04500000000000001;5,779999999999999;57,68785714285715;0,09982142857142857
2007-03-18;0,95;733,5124999999999;733,825;5,0;-0,15000000000000002;2,1;23,587500000000002;-0,375;0,6457142857142857;19,54410714285705;19,35928571428602;0,5714285714285714;0,004999999999999999;2,0;360,7841071428571;1,4907142857142859
2007-03-19;2,4125;733,0250000000001;733,3625;5,75;1,15;2,8;16,0;0,36250000000000004;0,27553571428571416;21,867857142857474;21,471250000000207;1,9285714285714286;1,445;0,9800000000000002;42,285714285714285;0,4426785714285714
2007-03-20;2,9;749,1875;749,525;3,625;1,5499999999999998;4,65;16,375;0,012499999999999997;2,6457142857142864;19,86696428571398;19,796428571428837;1,6964285714285714;0,04500000000000005;6,125000000000001;10,267857142857142;0,20696428571428568
2007-03-21;3,4;757,8625;758,175;3,375;0,85;4,45;16,5;0,6874999999999999;5,3571428571428585;0,699821428571345;0,7135714285714002;1,125;1,805;10,125;38,285714285714285;2,9126785714285712
2007-03-22;4,7250000000000005;761,4875000000001;761,825;3,5;2,9;6,2;6,6375;3,7125;2,985;7,124107142856936;7,119285714285981;0,5714285714285714;0,020000000000000035;5,780000000000001;10,619821428571429;0,8498214285714288
2007-03-23;3,6125;772,4375;772,8125;3,25;1,65;6,1;6,7125;2,6250000000000004;2,552678571428572;9,765535714285722;9,829821428571387;0,21428571428571425;0,04500000000000005;0,32000000000000023;12,815535714285716;0,6564285714285715
2007-03-24;5,1125;777,275;777,5999999999999;3,375;2,2;7,449999999999999;21,675;1,0;7,666964285714285;0,11071428571429417;0,12285714285713216;0,5535714285714285;0,0;15,124999999999998;373,0992857142857;3,7371428571428567
2007-03-25;6,314285714285715;778,1142857142858;778,4857142857143;1,8571428571428572;1,65;9,5;34,285714285714285;-1,9285714285714286;16,55809523809524;0,6014285714285529;0,5614285714286197;0,14285714285714288;1,445;21,780000000000005;86,90476190476191;1,5123809523809522
2007-03-26;7,625;775,1750000000002;775,5374999999999;3,375;2,1;10,75;18,125;0,5874999999999999;27,46785714285715;1,4278571428572688;1,3626785714286023;0,8392857142857143;5,120000000000001;37,84499999999999;65,83928571428571;2,084107142857143
2007-03-27;7,3625;773,5749999999999;773,925;1,75;2,65;12,15;12,0;2,475;17,102678571428566;0,4992857142857115;0,5078571428570335;0,5000000000000001;6,844999999999999;10,125;8,57142857142857;0,7278571428571429
2007-03-28;6,4750000000000005;771,4875000000001;771,8374999999999;2,0;2,25;9,350000000000001;14,375;2,375;15,953571428571431;0,6583928571428794;0,6483928571427958;0,5714285714285714;8,405;12,004999999999997;40,83928571428572;1,4021428571428574
2007-03-29;5,3875;769,175;769,5375;2,125;0,95;9,5;11,7875;1,175;17,635535714285716;1,2764285714285641;1,288392857142841;0,982142857142857;4,205;9,679999999999996;36,532678571428576;0,8678571428571429
2007-03-30;6,1375;765,3000000000001;765,625;2,875;2,95;8,95;9,875;0,8625;7,222678571428571;1,322857142857062;1,2335714285714963;0,6964285714285713;2,2049999999999996;3,6450000000000053;5,267857142857144;0,20553571428571432
2007-03-31;4,9;770,1250000000001;770,4749999999999;3,625;0,9999999999999999;8,0;40,625;-4,699999999999999;6,731428571428571;5,576428571428542;5,7049999999997505;0,5535714285714286;3,3799999999999994;5,119999999999997;145,98214285714286;4,828571428571428
2007-04-01;4,5625;772,9875;773,3375000000001;3,5;0,25;7,8;43,125;-2,537499999999999;17,674107142857142;0,7069642857142572;0,7341071428571786;0,5714285714285714;4,205;9,680000000000001;56,696428571428555;7,26267857142857
2007-04-02;7,325;763,9375000000001;764,275;5,125;4,6;10,75;36,0;-0,12499999999999997;8,387857142857142;22,21410714285732;22,565000000000342;0,9821428571428577;0,7200000000000008;6,844999999999997;229,42857142857147;1,562142857142857
2007-04-03;4,137499999999999;756,1625000000001;756,4875;6,125;1,65;8,149999999999999;42,375;-4,425;4,074107142857143;1,4169642857143057;1,4383928571429188;4,696428571428571;1,1249999999999998;0,004999999999999876;119,41071428571429;28,687857142857144
2007-04-04;-0,6375;758,1875;758,5625;5,25;-3,55;1,8499999999999999;42,25;-9,6625;5,831250000000002;7,684107142857109;7,794107142857302;0,4999999999999999;2,645;1,8049999999999995;64,78571428571429;18,10553571428572
2007-04-05;4,425;743,4;743,7625;7,25;2,6;6,8;34,5;-4,7125;3,4164285714285723;7,660000000000274;7,811250000000199;10,5;0,7200000000000002;7,219999999999996;110,2857142857143;36,106964285714284
2007-04-06;2,7;746,3625;746,7125000000001;7,0;1,5;4,8;42,25;-5,949999999999999;1,5085714285714287;18,47696428571482;18,752678571428216;1,9999999999999996;0,18000000000000005;4,5;219,07142857142858;21,43142857142857
2007-04-07;1,725;752,35;752,6999999999999;7,125;-0,44999999999999996;3,35;48,75;-7,65;4,347857142857142;0,8800000000000082;0,8828571428569555;5,553571428571429;1,805;4,805000000000001;5,357142857142852;3,014285714285713
2007-04-08;1,3;755,1374999999999;755,5125;5,625;-1,4;3,5;48,125;-9,5125;5,574285714285715;4,96267857142855;4,9669642857144884;4,839285714285714;1,6199999999999997;3,379999999999999;6,696428571428572;16,364107142857144
2007-04-09;0,7375;757,4625;757,8000000000001;2,625;-1,8499999999999999;3,65;47,5;-7,6125;10,41125;0,1712500000000132;0,20285714285713308;0,5535714285714286;12,004999999999999;12,004999999999999;21,428571428571438;9,118392857142856
2007-04-10;2,625;757,1624999999999;757,5250000000001;2,75;0,3999999999999999;4,5;43,125;-5,2375;5,676428571428572;0,04839285714285955;0,05357142857143875;1,0714285714285716;8,0;7,2200000000000015;42,41071428571428;4,534107142857144
2007-04-11;6,0125;750,1;750,4624999999999;7,375;2,45;7,45;31,125;-1,2875;15,961249999999998;11,128571428571359;11,22553571428544;7,125;0,8449999999999999;37,845;226,41071428571428;8,326964285714286
2007-04-12;7,1375;759,925;760,275;7,125;3,85;10,25;44,375;-3,2;8,654107142857145;18,387857142857136;18,442142857142876;1,2678571428571428;2,205000000000001;6,125;81,69642857142858;0,7028571428571432
2007-04-13;6,824999999999999;767,3;767,6624999999999;3,375;2,0500000000000003;11,4;41,125;-1,4375;24,067857142857143;0,42571428571426767;0,43982142857142;1,4107142857142858;5,445;23,120000000000005;93,26785714285714;12,30839285714286
2007-04-14;10,7125;768,5875;768,9125;4,625;6,3;13,35;42,5;-0,037499999999999895;15,546964285714282;0,4098214285713789;0,43267857142851823;1,9821428571428572;5,780000000000001;14,045000000000003;50,0;6,5198214285714275
2007-04-15;8,549999999999999;770,0500000000001;770,4000000000001;2,125;5,6499999999999995;12,1;28,375;2,425;8,682857142857141;0,9828571428571394;1,0228571428570865;1,2678571428571428;13,004999999999994;0,019999999999999858;121,41071428571429;3,2935714285714286
2007-04-16;7,942857142857144;765,0857142857142;765,4142857142857;2,2857142857142856;5,5;12,0;28,857142857142858;3,7428571428571433;11,616190476190477;8,928095238095787;9,088095238095379;1,2380952380952381;8,819999999999997;8,0;23,476190476190478;0,4795238095238091
2007-04-17;8,525;754,7499999999999;755,1125000000001;2,75;5,550000000000001;11,3;25,25;4,999999999999999;7,370714285714285;6,074285714285675;6,046964285714225;0,7857142857142857;2,6449999999999987;6,479999999999995;93,07142857142857;2,554285714285714
2007-04-18;8,562499999999998;750,2625;750,6125;4,375;5,300000000000001;11,649999999999999;40,625;1,6624999999999994;6,365535714285714;0,5826785714285257;0,6012499999999505;1,6964285714285714;0,3199999999999995;8,405000000000003;45,982142857142854;12,425535714285715
2007-04-19;3,9125;751,3625;751,6875;4,75;2,15;8,0;36,75;0,18749999999999992;2,7469642857142844;8,40839285714305;8,429821428571428;1,6428571428571435;2,6449999999999996;1,2800000000000002;293,0714285714287;2,30125
2007-04-20;4,9125;740,8124999999999;741,125;3,75;3,3;6,550000000000001;27,75;2,95;2,609821428571429;2,6726785714284387;2,6678571428570494;4,214285714285714;0,1800000000000002;6,844999999999999;245,07142857142858;0,2514285714285715
2007-04-21;3,8;749,6285714285714;749,9875;6,0;1,6;5,1;29,4875;2,6999999999999997;1,877142857142857;28,06904761904738;24,1383928571426;0,5714285714285717;0,01999999999999997;2,4200000000000013;447,5069642857143;0,7657142857142857
2007-04-22;6,612500000000001;762,9875000000001;763,375;5,625;3,5;8,0;40,625;-1,1;11,92410714285714;4,658392857142505;4,644999999999884;1,4107142857142863;0,9800000000000005;28,880000000000006;60,267857142857146;5,271428571428571
2007-04-23;3,8625;763,4625000000001;763,8125;3,5;2,95;6,6000000000000005;28,25;0,13750000000000007;0,37410714285714264;2,6883928571427447;2,7669642857142835;0,8571428571428571;0,045000000000000144;9,680000000000001;435,6428571428573;16,58267857142857
2007-04-24;6,437500000000001;762,625;762,9625;2,25;5,05;7,95;14,3;4,9375;3,8912500000000003;5,1135714285714995;5,196964285714076;0,49999999999999994;1,8050000000000006;7,605000000000001;130,4542857142857;0,7283928571428566
2007-04-25;6,8625;766,7250000000001;767,0875;3,0;4,7;8,7;21,25;4,9624999999999995;2,596964285714286;0,339285714285743;0,34410714285714306;2,0;2,0;2,4200000000000044;113,92857142857142;1,8655357142857147
2007-04-26;7,900000000000001;765,575;765,925;2,625;6,25;9,3;20,0;5,2375;3,0628571428571405;0,27928571428574067;0,2792857142857239;1,1249999999999998;0,4050000000000003;8,819999999999999;80,28571428571429;0,14553571428571413
2007-04-27;12,037500000000001;762,3875;762,7375;5,5;8,5;14,4;27,5;2,5125;18,336964285714288;0,7469642857142995;0,7512500000000134;6,285714285714286;8,819999999999997;27,380000000000017;290,0;17,341250000000002
2007-04-28;7,737500000000001;765,4624999999999;765,7874999999999;5,5;5,75;10,85;44,625;-2,9875;1,9769642857142866;7,8026785714285785;7,735535714285973;0,8571428571428571;0,0049999999999999645;5,445000000000002;129,6964285714286;11,466964285714287
2007-04-29;4,550000000000001;764,4125;764,75;4,25;1,35;7,75;49,375;-4,425;12,222857142857139;18,186964285714016;18,2057142857142;1,642857142857143;9,245000000000001;5,445000000000002;3,125000000000001;2,2935714285714286
2007-04-30;3,485714285714286;760,8857142857144;761,2571428571429;8,0;1,1;7,449999999999999;45,0;-8,3;5,004761904761905;1,2514285714287585;1,2861904761904412;3,3333333333333335;1,6199999999999999;1,124999999999998;58,33333333333332;4,833333333333333
2007-05-01;2,957142857142857;763,6142857142858;763,9571428571428;3,5714285714285716;1,1;5,75;42,142857142857146;-7,042857142857143;7,8861904761904755;1,6180952380951696;1,5961904761904824;0,28571428571428575;8,82;3,6449999999999982;98,80952380952381;6,956190476190476
2007-05-02;4,2375;756,6625;757,0375;5,25;2,65;6,6499999999999995;32,625;-0,22500000000000014;0,5312500000000001;7,739821428571558;7,539821428571514;2,5;0,125;4,804999999999999;337,125;10,630714285714285
2007-05-03;4,6375;760,6125;760,9875000000002;3,125;3,25;7,199999999999999;31,625;1,6;5,2941071428571425;1,3241071428572657;1,3526785714285627;0,4107142857142857;12,005000000000003;1,9999999999999991;165,125;1,742857142857143
2007-05-04;4,625;757,975;758,3000000000001;2,875;3,45;7,25;25,625;2,55;1,976428571428571;2,4164285714287885;2,4485714285715536;2,982142857142857;0,005000000000000031;4,805000000000003;251,98214285714286;0,32857142857142846
2007-05-05;4,0625;763,5375;763,8875;3,0;2,4499999999999997;5,7;42,5;-0,22499999999999998;2,6341071428571428;2,4798214285715163;2,592678571428689;0,5714285714285714;5,444999999999998;2,0;57,14285714285713;2,613571428571428
2007-05-06;8,912500000000001;762,2125;762,5500000000001;3,875;5,2;10,55;42,5;1,1875;10,884107142857143;1,955535714285735;1,8942857142857845;2,6964285714285716;3,3799999999999994;26,644999999999985;28,571428571428566;1,0812500000000003
2007-05-07;9,6875;753,2875;753,6375;3,375;7,15;13,850000000000001;31,875;3,275;9,62982142857143;16,166964285713966;16,02267857142801;1,4107142857142854;1,4449999999999996;7,604999999999998;81,83928571428571;1,730714285714286
2007-05-08;6,699999999999999;746,2;746,5375;2,625;5,05;9,35;10,325;5,425;2,5628571428571427;0,6914285714285153;0,6969642857142375;0,26785714285714285;2,645000000000001;2,645000000000002;33,645;0,6164285714285718
2007-05-09;7,5;743,525;743,8499999999999;2,625;3,4000000000000004;10,45;18,0375;4,9375;14,080000000000004;0,19071428571425736;0,2399999999999444;1,4107142857142858;3,3799999999999994;19,845000000000002;287,4798214285714;2,294107142857143
2007-05-10;10,225;746,875;747,2375;6,375;6,85;13,4;46,875;-0,825;12,61642857142857;2,84499999999985;2,948392857142757;2,5535714285714284;9,245000000000001;3,920000000000002;13,839285714285714;14,990714285714287
2007-05-12;8,837499999999999;750,7;751,0250000000001;2,25;6,3;12,65;32,625;2,3625;15,716964285714294;3,377142857143002;3,3221428571428797;1,0714285714285714;27,379999999999995;6,844999999999997;165,41071428571428;1,205535714285714
2007-05-13;9,275;757,8249999999999;758,175;3,0;7,75;12,3;41,25;3,3;2,6907142857142854;3,622142857142935;3,6221428571429235;0,8571428571428571;3,6449999999999982;0,0800000000000005;62,49999999999999;2,1771428571428566
2007-05-14;9,524999999999999;759,0500000000001;759,325;3,125;7,25;11,7;25,0;6,4624999999999995;7,899285714285715;4,360000000000244;4,496428571428729;1,8392857142857137;4,204999999999997;6,480000000000002;97,71428571428574;1,8226785714285707
2007-05-15;10,387500000000001;750,2875;750,6125000000001;3,5;8,8;12,45;19,4125;8,4625;1,1241071428571419;2,801249999999954;2,6926785714286643;3,1428571428571423;0,5;0,8449999999999974;133,93267857142857;2,8055357142857136
2007-05-16;8,35;752,9374999999999;753,2625;3,875;7,199999999999999;10,35;30,0;5,050000000000001;1,8085714285714294;0,3169642857143199;0,34267857142853486;0,982142857142857;1,6200000000000006;1,4449999999999987;14,571428571428571;0,19428571428571426
2007-05-17;10,362499999999999;756,5375;756,8875;3,25;7,35;12,75;36,0;3,0375;13,474107142857138;1,9455357142855407;1,9326785714286092;1,0714285714285714;9,245000000000001;18,605000000000008;90,85714285714286;9,51982142857143
2007-05-18;11,674999999999999;759,6875;760,0125;2,625;9,350000000000001;15,4;44,375;1,3375;11,187857142857144;0,21553571428571508;0,17553571428569498;0,5535714285714286;17,404999999999998;2,4199999999999986;38,83928571428571;2,4598214285714284
2007-05-19;11,625000000000002;761,0125;761,325;2,875;9,15;14,2;36,75;5,7375;5,530714285714285;0,2098214285714137;0,23357142857145854;0,6964285714285717;3,125;5,120000000000006;189,35714285714286;4,874107142857144
2007-05-20;12,5625;761,8499999999999;762,2;3,25;10,75;15,0;29,875;7,45;3,322678571428567;2,1714285714285393;2,1742857142857637;0,7857142857142857;0,845000000000001;2,0;47,55357142857144;1,1857142857142857
2007-05-21;12,974999999999998;765,4749999999999;765,8125;2,75;9,95;15,65;20,875;7,7125;13,124666666666656;0,5113333333332996;0,5024999999999118;1,0;5,069999999999999;8,00333333333334;31,049999999999997;0,5158333333333335
2007-05-22;12,2;761,1125;761,4749999999999;2,625;10,45;15,05;28,875;8,862499999999999;1,717142857142857;2,564107142857265;2,4535714285715238;1,410714285714286;0,125;0,125;67,55357142857143;1,3769642857142854
2007-05-23;12,275;756,95;757,2750000000001;3,625;10,8;14,2;20,125;9,3;1,439285714285715;0,21428571428573856;0,1821428571428402;1,4107142857142854;0,31999999999999845;1,280000000000001;69,83928571428571;0,7057142857142864
2007-05-24;10,35;758,0749999999999;758,4125;3,875;8,1;13,65;28,875;7,1625000000000005;3,1257142857142832;0,07928571428571045;0,0783928571428411;1,2678571428571428;5,119999999999997;0,125;176,9821428571429;0,548392857142857
2007-05-25;11,55;756,45;756,7875000000001;3,25;9,850000000000001;13,0;15,375;9,3125;2,8828571428571417;0,24285714285717333;0,2383928571428833;1,0714285714285716;0,4049999999999995;8,0;27,696428571428566;1,3498214285714296
2007-05-26;13,725000000000001;751,9874999999998;752,3375;2,625;11,3;15,399999999999999;10,3;12,512500000000001;4,062142857142856;3,312678571428382;3,4712499999998863;1,1249999999999998;3,379999999999997;6,480000000000002;68,58000000000001;3,6983928571428573
2007-05-27;14,075;753,8249999999999;754,15;2,0;10,649999999999999;17,95;9,675;12,0;14,805000000000003;1,1392857142857722;1,2057142857143115;1,4285714285714286;12,005000000000006;3,125;109,66214285714287;5,914285714285716
2007-05-28;18,225;752,2375;752,525;2,625;15,15;20,65;13,4;15,8375;5,679285714285716;0,45696428571431497;0,4649999999999897;1,6964285714285714;3,6449999999999982;14,045000000000012;135,6342857142857;0,8226785714285703
2007-05-29;20,3875;754,4625;754,7875;3,625;16,950000000000003;22,15;18,375;16,125;16,28982142857141;0,7798214285714974;0,7898214285713642;2,839285714285714;5,444999999999997;25,205;15,696428571428571;2,159285714285713
2007-05-30;15,624999999999998;755,3874999999999;755,7125000000001;4,125;13,1;20,0;14,0;14,299999999999999;1,742142857142854;0,4383928571429162;0,5012500000000557;0,9821428571428571;0,0;11,519999999999987;50,00000000000001;1,3857142857142872
2007-05-31;16,7625;758,5499999999998;758,8750000000001;2,25;15,1;18,3;7,6375;15,762500000000003;1,3798214285714272;7,057142857142757;6,910714285714308;1,6428571428571428;0,0;1,2800000000000022;30,45696428571428;0,739821428571429
2007-06-01;14,2125;768,9000000000001;769,225;6,0;12,45;15,7;38,75;5,7875000000000005;1,5726785714285714;8,119999999999985;8,24499999999966;1,1428571428571428;0,8449999999999998;0,18000000000000033;48,2142857142857;12,918392857142862
2007-06-02;12,95;774,5749999999999;774,8750000000001;4,375;11,2;14,8;41,25;3,8999999999999995;3,1857142857142837;0,9221428571428302;0,8992857142857794;1,9821428571428572;6,480000000000002;3,9199999999999946;62,5;4,277142857142856
2007-06-03;13,487499999999997;774,9625;775,2875;2,5;11,1;16,65;41,25;2,9375;13,266964285714291;1,1369642857143059;1,178392857142779;1,1428571428571428;23,12;5,445000000000008;41,07142857142857;1,9083928571428572
2007-06-04;15,962499999999999;771,4375000000001;771,7625;1,75;12,600000000000001;21,1;34,875;2,7125;42,296964285714274;1,482678571428598;1,539821428571473;0,5000000000000001;76,88;7,219999999999996;67,26785714285715;6,704107142857143
2007-06-05;16,462500000000002;770,025;770,375;2,875;14,25;20,3;39,375;8,062499999999998;8,905535714285715;0,4364285714285304;0,43642857142853375;2,4107142857142856;15,125;0,07999999999999943;94,26785714285711;4,776964285714285
2007-06-06;19,7375;767,4999999999999;767,825;2,5;15,75;23,9;37,25;8,850000000000001;41,62267857142857;2,159999999999893;2,205000000000006;1,7142857142857146;53,04499999999998;18,0;71,92857142857142;2,177142857142856
2007-06-07;19,7125;766,1;766,4375;2,75;16,85;24,35;42,5;7,65;7,1441071428571465;0,5971428571427758;0,6226785714285583;0,5000000000000001;6,844999999999991;0,4050000000000003;57,142857142857146;3,46
2007-06-08;20,275000000000002;764,0625;764,3625000000001;2,875;16,9;23,549999999999997;40,0;9,35;22,95642857142858;0,5741071428571053;0,5826785714286179;0,4107142857142856;25,92000000000001;16,245000000000005;64,28571428571426;1,1914285714285708
2007-06-09;21,1;762,7875;763,1249999999999;2,75;18,2;25,45;43,75;9,525;18,660000000000007;0,8012500000000463;0,9049999999999238;0,7857142857142855;35,27999999999999;8,405000000000006;41,07142857142856;4,796428571428571
2007-06-10;18,249999999999996;761,6125;761,925;3,75;15,55;21,45;43,75;8,4;2,3914285714285706;0,5841071428571629;0,5907142857143111;0,7857142857142857;0,8449999999999974;1,8049999999999973;76,7857142857143;1,0771428571428572
2007-06-11;15,775;759,025;759,3249999999999;3,5;14,399999999999999;17,7;45,0;8,275;2,613571428571429;2,1050000000001616;2,0707142857143275;0,8571428571428571;1,280000000000001;4,5;49,99999999999999;2,8392857142857126
2007-06-12;15,6875;750,3375;750,7249999999999;2,25;12,649999999999999;17,799999999999997;36,0;10,762500000000001;6,618392857142851;8,508392857142963;8,593571428571446;0,21428571428571427;0,6050000000000005;13,520000000000005;198,85714285714283;2,1226785714285707
2007-06-13;15,412499999999998;748,0375;748,3625;3,5;11,7;19,7;39,625;9,399999999999999;6,921250000000007;0,37410714285708263;0,3626785714285591;2,857142857142857;6,480000000000002;2,879999999999997;141,98214285714283;8,374285714285715
2007-06-14;11,675;751,9499999999999;752,2624999999999;3,25;9,25;15,700000000000001;36,125;7,6499999999999995;1,724999999999999;1,525714285714214;1,525535714285726;1,0714285714285716;0,005000000000000142;7,220000000000002;182,125;7,5685714285714285
2007-06-15;13,512500000000001;751,7625;752,1;5,25;9,2;16,6;38,5;6,525;14,232678571428576;14,07124999999967;13,902857142857025;3,9285714285714293;5,780000000000004;15,679999999999978;291,99999999999994;9,079285714285717
2007-06-16;14,0375;758,725;759,0374999999999;3,125;11,4;17,6;45,0;5,575;14,431249999999991;1,2564285714285823;1,211249999999897;0,410714285714286;25,919999999999998;1,2799999999999938;42,85714285714285;1,1678571428571431
2007-06-17;14,250000000000002;754,0625;754,4000000000001;3,375;11,25;18,0;40,375;8,9;7,365714285714284;1,8312500000001377;1,8399999999999526;2,267857142857143;3,6449999999999982;2,879999999999997;149,41071428571428;3,5542857142857116
2007-06-18;13,675;750,7625;751,1;2,125;12,3;15,149999999999999;18,9875;12,062499999999998;2,2278571428571436;0,61124999999998;0,6000000000000073;0,6964285714285714;0,0;6,1249999999999964;371,0355357142857;0,2655357142857148
2007-06-19;14,962500000000002;755,0625;755,3625;2,875;12,2;17,9;40,0;8,85;7,351250000000003;2,9198214285714257;2,8198214285714114;1,267857142857143;10,580000000000002;3,920000000000007;64,28571428571425;3,817142857142855
2007-06-20;14,700000000000001;760,5625000000001;760,925;3,375;11,65;18,45;47,5;5,624999999999999;15,674285714285705;0,9112499999999119;0,8992857142857547;1,125;22,444999999999997;8,405000000000006;50,00000000000001;1,7250000000000008
2007-06-21;15,0125;761,0374999999999;761,4;3,375;11,9;18,5;44,625;10,4;4,589821428571428;0,3055357142856976;0,31999999999994344;0,8392857142857143;0,32000000000000056;0,5;71,12500000000001;4,514285714285714
2007-06-22;15,6625;759,55;759,9124999999999;2,375;13,75;18,299999999999997;43,25;7,800000000000001;5,345535714285715;0,988571428571391;0,9698214285714007;0,8392857142857142;7,604999999999994;2,420000000000002;58,78571428571427;4,8857142857142835
2007-06-23;15,0;756,9375000000001;757,2375;3,625;12,950000000000001;17,450000000000003;44,375;7,175;9,480000000000002;0,7626785714286157;0,7741071428571635;3,125;19,845000000000006;3,6449999999999934;31,696428571428573;5,342142857142858
2007-06-24;17,662499999999998;755,2499999999999;755,6;3,125;15,350000000000001;20,15;44,375;9,35;9,171250000000002;0,40857142857143275;0,3799999999999998;0,410714285714286;12,004999999999997;4,804999999999999;31,696428571428566;2,825714285714285
2007-06-25;19,125;749,75;750,0500000000001;4,375;15,799999999999999;22,5;41,875;10,6;11,259285714285712;7,294285714285755;7,268571428571434;1,1250000000000002;2,4199999999999986;12,5;20,982142857142858;10,254285714285711
2007-06-26;14,057142857142859;744,1857142857143;744,5285714285714;3,7142857142857144;11,2;17,5;45,714285714285715;9,757142857142856;2,5561904761904777;1,2114285714285968;1,1923809523808706;3,2380952380952377;0,0;2,0;128,57142857142858;2,9828571428571427
2007-06-27;13,475;739,1625000000001;739,4749999999999;3,75;11,95;14,850000000000001;28,7375;12,162500000000001;1,4849999999999994;1,6312500000000083;1,6678571428571554;1,9285714285714288;0,125;0,6049999999999986;322,4083928571429;0,9712500000000004
2007-06-28;13,15;743,5000000000001;743,775;5,125;12,3;14,5;23,5;11,174999999999999;0,5142857142857143;2,8114285714287206;2,8707142857145262;2,9821428571428563;0,0;0,019999999999999858;160,0;0,5907142857142854
2007-06-29;14,2375;749,5625;749,8999999999999;3,375;12,25;15,6;11,3875;12,737499999999999;3,914107142857142;6,185535714285652;6,1428571428574354;2,2678571428571423;2,645000000000002;6,479999999999992;41,64124999999999;0,8769642857142858
2007-06-30;15,8125;756,9625;757,3000000000001;3,0;13,899999999999999;17,45;22,75;12,45;5,021249999999999;3,0541071428571023;3,10571428571442;0,8571428571428571;1,280000000000001;11,045000000000009;48,21428571428573;0,671428571428571
2007-07-01;17,3625;759,7875;760,0999999999999;2,625;15,35;19,1;35,125;11,925000000000002;6,368392857142854;0,08410714285713236;0,07999999999998804;0,5535714285714285;3,6449999999999982;11,519999999999994;80,125;0,9649999999999993
2007-07-03;19,075000000000003;758,0625;758,3875;2,0;16,7;22,5;28,3375;13,412500000000001;14,250714285714283;0,5541071428571269;0,5326785714285585;1,4285714285714286;20,47999999999999;1,2800000000000022;442,3969642857142;1,1355357142857119
2007-07-04;20,4;755,9375000000001;756,3000000000001;4,5;18,4;22,299999999999997;39,875;14,262499999999998;5,257142857142855;0,13982142857146057;0,12285714285715633;1,4285714285714286;4,5;3,920000000000007;67,26785714285712;0,9655357142857149
2007-07-05;21,0;754,1875000000001;754,525;4,375;19,05;22,6;38,375;13,350000000000001;1,7028571428571453;1,375535714285712;1,4021428571427317;1,4107142857142858;1,125;1,619999999999998;49,69642857142856;1,8942857142857152
2007-07-06;18,037499999999998;748,2;748,4875000000001;4,5;16,85;19,549999999999997;40,75;14,387500000000001;0,34553571428571467;6,051428571428288;6,064107142857154;0,8571428571428571;0,125;0,24499999999999825;90,50000000000001;0,289821428571428
2007-07-07;17,8875;743,8500000000001;744,1624999999999;3,0;16,0;21,3;26,0;15,0875;1,5098214285714295;0,1257142857142545;0,12553571428573113;1,7142857142857142;0,020000000000000392;9,679999999999994;188,28571428571428;0,8983928571428571
2007-07-08;17,325;745,3000000000001;745,6374999999999;2,75;15,2;19,299999999999997;37,125;14,037500000000001;4,8450000000000015;0,742857142857056;0,7769642857142017;0,5;0,31999999999999984;7,2200000000000095;81,26785714285714;0,3141071428571428
2007-07-09;16,1625;748,45;748,7625;2,25;14,399999999999999;18,3;25,75;14,287500000000001;1,454107142857142;0,8599999999998224;0,8998214285713575;0,7857142857142857;0,0799999999999998;0,07999999999999943;412,2142857142857;0,2412500000000009
2007-07-10;16,687500000000004;752,0375;752,3625;4,0;15,4;18,25;46,25;13,749999999999998;1,1641071428571432;1,9512499999999728;1,9055357142858287;0,5714285714285714;0,019999999999999858;1,8049999999999973;48,214285714285715;0,5400000000000006
2007-07-11;15,8625;753,3000000000001;753,6874999999999;1,875;14,95;17,4;22,5;14,725000000000001;0,18553571428571422;0,23714285714282932;0,2498214285713949;0,41071428571428564;0,24500000000000136;0,019999999999999504;171,42857142857142;0,21928571428571456
2007-07-12;16,950000000000003;754,75;755,05;3,125;14,75;18,05;37,375;13,0125;5,397142857142854;1,95714285714281;1,9571428571428489;1,5535714285714288;2,205000000000003;9,244999999999992;162,26785714285714;1,804107142857141
2007-07-13;18,15;755,8375000000001;756,175;2,125;16,4;20,6;38,625;13,762500000000001;4,042857142857143;0,01696428571429331;0,030714285714279557;0,4107142857142857;3,3800000000000012;2,4199999999999946;50,839285714285715;1,2426785714285713
2007-07-14;17,650000000000002;754,875;755,1875;4,0;15,2;20,1;46,875;13,375;5,534285714285714;0,0878571428571617;0,0841071428571534;0,5714285714285717;1,280000000000001;6,479999999999986;13,839285714285714;0,5821428571428567
2007-07-15;17,025000000000002;754,2;754,5375;3,75;14,95;20,3;30,5875;14,375;2,653571428571429;1,2342857142857255;1,2626785714286288;1,6428571428571426;0,40500000000000114;0,0;279,9041071428572;1,3650000000000004
2007-07-16;19,3375;755,9000000000001;756,2125;4,5;17,55;21,7;44,375;13,975;6,814107142857139;3,2714285714285753;3,189821428571196;0,2857142857142856;7,604999999999998;9,679999999999994;24,553571428571434;0,9021428571428566
2007-07-17;19,037499999999998;760,4999999999999;760,8124999999999;3,375;16,5;22,65;45,0;12,7;11,42553571428572;0,4628571428571376;0,5069642857142969;0,8392857142857143;16,81999999999999;0,24500000000000074;35,7142857142857;2,8342857142857127
2007-07-18;18,6375;756,4124999999999;756,7500000000001;4,75;16,55;21,4;29,25;14,425000000000002;2,7455357142857166;1,8698214285713135;1,78000000000001;3,928571428571428;1,804999999999999;0,08000000000000157;154,21428571428572;0,5078571428571431
2007-07-19;17,775;753,5999999999999;753,9375;5,125;16,4;19,799999999999997;34,5;12,2625;2,422142857142854;1,5457142857142077;1,4826785714287354;0,9821428571428579;0,4999999999999991;7,2200000000000095;153,71428571428575;3,994107142857145
2007-07-20;15,775000000000002;759,5875000000001;759,9124999999999;4,625;13,85;19,0;41,875;11,075000000000001;2,1707142857142867;2,804107142857267;2,852678571428613;0,8392857142857143;0,125;7,219999999999989;229,83928571428572;2,4964285714285697
2007-07-21;15,25;761,6;761,9250000000001;2,5;13,3;17,799999999999997;44,75;10,874999999999998;7,860000000000001;0,16571428571426375;0,17928571428567847;0,5714285714285714;12,5;5,120000000000004;104,78571428571429;0,9592857142857151
2007-07-22;16,3;762,0250000000001;762,3375;2,125;13,7;18,85;45